-1,0,3,7,168,3,1,79,0,0,0,3,18,0,0,0,5,42,23.8497338795,568.809806121,79,2677,5,33.8860759494,24,0,0,895,8,973,0,13,13,0,2,1,0,0,3,0,0,0,0,0,0,0,0,0,0,0,0,0,0,0,0,0,1,13,3,0,3,0,0,12,0,0,0,0,0,1,3,0,0,3,0
-1,0,2,4,90,2,1,52,0,0,0,1,11,0,0,0,2,21,20.7861398405,432.063609467,52,1398,3,26.8846153846,14,0,0,459,9,510,0,8,8,0,1,0,0,0,3,0,0,0,0,1,0,0,0,0,0,0,0,0,0,0,0,0,0,8,3,0,1,0,0,8,0,0,0,0,0,1,2,0,0,0,0
-1,0,1,5,78,3,1,47,0,0,0,1,24,0,0,0,1,24,21.9553231696,482.036215482,47,1338,2,28.4680851064,11,0,0,470,8,516,0,8,8,0,1,0,0,0,3,0,0,0,0,0,0,0,0,0,0,0,0,0,0,0,0,0,0,6,3,0,0,0,0,5,0,0,1,0,0,1,3,0,0,2,0
-1,0,3,9,102,2,1,52,0,0,0,2,22,0,0,0,4,26,24.0971284105,580.671597633,52,1588,2,30.5384615385,10,0,0,509,8,560,0,10,10,0,1,0,0,0,3,0,0,0,0,0,0,0,0,0,0,0,0,0,0,0,0,0,0,8,3,0,0,0,0,7,0,0,1,0,0,1,2,0,0,1,0
-1,0,2,31,84,4,1,66,0,0,0,1,7,0,0,0,1,13,14.7652002471,218.011138338,67,1106,0,16.5074626866,0,0,0,175,18,242,4,7,3,0,2,0,0,0,1,0,1,0,0,0,0,0,0,0,0,0,0,0,1,0,0,0,0,5,1,0,0,0,0,0,0,0,0,0,1,0,4,0,0,0,0
-1,0,0,10,186,7,8,70,0,0,0,0,0,0,0,0,0,0,21.5262535486,463.379591837,70,1740,0,24.8571428571,3,0,0,605,17,675,0,14,14,0,3,2,0,0,6,0,1,0,0,0,0,0,0,0,0,0,0,0,1,0,0,0,2,5,6,0,0,0,1,2,0,0,23,1,0,0,7,0,0,0,0
-1,0,1,5,164,2,1,49,0,0,0,2,13,0,0,0,2,13,21.5036834054,462.4084,50,1577,0,31.54,3,0,0,424,4,474,0,8,8,0,3,0,0,0,2,1,1,0,0,0,0,0,0,0,0,0,0,0,1,0,0,0,0,6,2,0,0,0,1,1,0,0,27,0,0,0,2,0,0,0,0
-1,0,2,83,462,10,5,146,1,1,1,1,15,1,1,1,1,21,17.5124864978,306.687183336,146,3426,19,23.4657534247,0,3,0,655,8,800,0,31,31,0,3,0,0,0,8,3,5,0,0,0,1,0,0,0,0,0,0,0,5,0,0,0,0,24,8,0,0,0,3,8,0,0,17,0,0,0,10,0,0,0,0
-1,0,0,22,30,0,0,49,0,0,0,0,0,0,0,0,0,0,25.4428334886,647.337775927,49,1336,0,27.2653061224,15,0,0,314,16,362,0,4,4,0,0,0,0,0,0,0,0,0,0,0,0,0,0,0,0,0,0,0,0,0,0,0,0,5,0,0,0,0,0,0,0,0,0,0,0,0,0,0,0,0,0
-1,0,0,14,152,5,1,40,0,0,0,0,0,0,0,0,0,0,24.1528466231,583.36,40,968,0,24.2,0,0,51,79,9,169,0,7,7,29,2,0,0,0,1,0,1,0,0,0,0,0,0,0,0,0,0,0,1,0,0,0,0,5,1,0,0,0,0,2,0,0,18,0,0,0,5,0,0,0,0
-1,0,0,84,1042,42,12,172,0,0,0,0,0,0,0,0,0,0,32.3440364752,1046.13669551,172,6638,10,38.5930232558,8,2,0,1272,29,1443,0,29,29,0,3,4,0,0,9,0,3,0,0,0,0,0,0,0,0,0,0,0,3,0,0,0,4,18,9,0,0,0,4,12,0,0,20,0,0,0,42,0,0,0,0
-1,0,0,14,146,2,2,23,0,0,0,0,0,0,0,0,0,0,30.0475992895,902.858223062,23,885,1,38.4782608696,2,0,0,164,1,186,0,6,6,0,2,1,0,0,1,0,0,0,0,0,2,1,0,0,0,0,0,0,0,0,0,0,1,2,1,0,0,0,0,0,0,0,0,0,1,0,2,0,0,0,0
-1,0,0,35,50,2,0,16,0,0,0,0,0,0,0,0,0,0,72.0623644838,5192.984375,16,638,0,39.875,0,0,11,59,4,86,0,3,3,4,0,0,0,0,0,0,0,0,0,0,0,0,0,0,0,0,0,0,0,0,0,0,0,3,0,0,0,0,0,0,0,0,1,0,0,0,2,0,0,0,0
-1,0,9,192,740,11,0,269,0,0,0,2,56,0,0,0,16,230,19.2757758354,371.555534058,269,7425,5,27.6022304833,9,0,0,2782,40,3050,0,38,38,0,0,0,0,0,0,0,0,0,0,0,0,0,0,0,0,0,0,0,0,0,0,0,0,10,0,0,0,0,0,1,0,0,0,0,0,0,11,0,0,0,0
-1,0,5,30,372,11,7,96,1,1,1,2,18,5,5,5,7,60,25.270802425,638.613455202,97,2756,2,28.412371134,3,2,0,436,12,533,0,26,26,0,2,0,0,0,7,0,4,0,0,0,0,0,0,0,0,0,0,0,4,0,0,0,0,20,7,0,0,0,1,4,0,0,0,0,0,1,11,0,0,0,0
-1,0,0,14,66,6,0,18,0,0,0,0,0,0,0,0,0,0,26.4692368348,700.620498615,19,515,0,27.1052631579,4,0,4,61,5,84,0,2,2,4,1,1,0,0,0,0,0,0,0,0,0,0,0,0,0,0,0,0,0,0,0,0,1,2,0,0,0,0,1,2,0,0,0,0,0,0,6,0,0,0,0
-1,0,0,29,106,5,0,38,0,0,0,0,0,0,0,0,0,0,18.0218396287,324.786703601,38,914,0,24.0526315789,6,0,22,98,7,158,0,3,3,19,0,0,0,0,0,0,0,0,0,0,0,0,0,0,0,0,0,0,0,0,0,0,0,3,0,0,1,0,1,3,0,0,0,0,0,0,5,0,0,0,0
-1,0,1,25,146,4,0,31,0,0,0,1,3,0,0,0,1,3,24.9237338255,621.192507804,31,836,0,26.9677419355,1,0,26,63,6,119,0,2,2,17,0,0,0,0,0,0,0,0,0,0,0,0,0,0,0,0,0,0,0,0,0,0,0,7,0,0,0,0,0,6,0,0,0,0,0,0,4,0,0,0,0
-1,0,2,7,150,4,2,46,0,0,0,3,7,0,0,0,3,7,19.1254229161,365.78180172,47,1527,9,32.4893617021,3,0,0,350,2,397,0,7,7,0,2,1,0,0,1,0,0,0,0,0,0,0,0,0,0,0,0,0,0,0,0,0,1,8,1,0,1,0,1,1,0,0,17,0,0,0,4,0,0,0,0
-1,0,2,26,136,10,4,42,4,4,1,1,36,4,4,1,2,38,20.3978707039,416.073129252,42,1167,0,27.7857142857,3,0,0,372,8,413,0,6,6,0,2,3,0,0,1,0,0,0,0,0,0,0,0,0,0,0,0,0,0,0,0,0,3,2,1,0,0,0,0,2,0,0,0,0,0,0,11,0,0,0,0
-1,0,1,26,176,3,2,70,0,0,0,1,2,0,0,0,1,2,19.6107477821,384.581428571,70,1701,0,24.3,0,0,0,409,12,479,0,16,16,0,1,0,0,0,2,0,0,0,0,0,0,0,0,0,0,0,0,0,0,0,0,0,0,10,2,0,0,0,2,0,0,0,4,0,0,0,3,0,0,0,0
-1,0,1,7,122,9,0,43,0,0,0,0,42,0,0,0,0,42,17.7077252367,313.563533058,44,971,0,22.0681818182,0,0,0,229,12,273,0,8,8,0,0,0,0,0,0,0,0,0,0,0,0,0,0,0,0,0,0,0,0,0,0,0,0,8,0,0,0,0,1,0,0,0,2,0,0,0,9,0,0,0,0
-1,0,1,20,182,1,2,70,0,0,0,0,4,0,0,0,0,4,23.6359183406,558.656635802,72,2102,0,29.1944444444,0,0,0,442,11,514,0,13,13,0,3,0,0,0,2,0,1,1,4,4,0,0,0,0,0,0,0,0,1,0,0,0,0,9,2,0,0,0,1,9,0,1,42,0,0,0,1,0,0,0,0
-1,0,1,16,78,6,0,45,0,0,0,2,2,0,0,0,2,2,19.240184286,370.184691358,45,884,0,19.6444444444,1,0,19,100,11,163,0,3,3,8,1,0,1,0,0,0,0,0,0,0,0,0,0,0,0,0,0,1,0,0,0,0,0,3,0,0,0,0,0,0,0,0,7,0,0,0,6,0,0,0,0
-1,0,2,13,74,0,2,23,1,1,1,1,8,1,1,1,1,8,9.16618260737,84.0189035917,23,328,0,14.2608695652,0,0,0,135,3,157,0,4,4,0,1,2,0,0,0,0,0,0,0,0,0,0,0,0,0,0,0,0,0,0,0,0,2,2,0,0,0,0,0,2,0,0,0,0,0,0,0,0,0,0,0
-1,0,5,37,300,9,7,123,2,2,1,1,30,7,6,4,1,82,20.6809421505,427.701368233,123,3642,33,29.6097560976,8,0,0,1311,20,1433,0,25,25,0,3,1,0,0,8,0,3,0,0,0,0,0,0,0,0,0,0,0,3,0,0,0,1,13,8,0,1,0,0,3,0,0,2,0,0,0,9,0,0,0,0
-1,0,4,67,170,2,1,85,1,1,1,0,21,1,1,1,0,55,16.3654628319,267.828373702,85,1730,0,20.3529411765,3,0,0,350,26,435,5,6,1,0,2,1,0,0,1,0,0,0,0,0,0,0,0,0,0,0,0,0,0,0,0,0,1,7,1,0,0,0,0,0,0,0,2,0,0,0,2,0,0,0,0
-1,0,0,8,42,4,0,19,0,0,0,0,0,0,0,0,0,0,30.2663156247,916.049861496,19,704,0,37.0526315789,7,0,0,108,3,127,0,2,2,0,0,0,0,0,0,0,0,0,0,0,0,0,0,0,0,0,0,0,0,0,0,0,0,2,0,0,0,0,1,0,0,0,1,0,0,0,4,0,0,2,0
-1,0,1,4,154,2,1,37,0,0,0,2,12,0,0,0,2,12,19.8158593694,392.668282548,38,1237,0,32.5526315789,3,0,0,368,3,406,0,7,7,0,1,0,0,0,1,0,0,0,0,0,1,0,0,0,0,0,0,0,0,0,0,0,0,6,1,0,0,0,1,1,0,0,23,0,0,0,2,0,0,0,0
-1,0,1,7,96,1,1,27,1,1,1,3,17,1,1,1,3,17,32.1867407884,1035.98628258,27,1018,0,37.7037037037,3,0,0,393,2,419,0,7,7,0,2,0,0,0,1,0,1,0,0,0,0,0,0,0,0,0,0,0,1,0,0,0,0,4,1,0,0,0,0,1,0,0,1,0,0,0,1,0,0,0,0
-1,0,0,50,138,9,6,76,0,0,0,0,0,0,0,0,0,0,25.6152648557,656.141793629,76,2875,17,37.8289473684,9,0,349,290,6,714,0,14,14,75,3,0,1,0,14,0,5,0,0,0,0,0,0,0,0,0,0,1,5,0,0,0,0,7,14,0,2,0,0,1,0,0,0,0,0,0,10,0,0,2,0
-1,0,3,11,130,6,4,58,2,2,1,1,17,4,4,3,1,38,29.6833330094,881.100258546,59,2057,0,34.8644067797,18,0,1,353,13,413,1,10,9,0,2,0,0,0,8,0,3,0,0,0,3,0,0,0,0,0,0,0,3,0,0,0,0,4,8,0,6,0,5,0,0,0,11,0,0,0,6,0,0,0,0
-1,0,2,60,512,10,3,89,0,0,0,4,11,0,0,0,4,16,24.5243399935,601.443252115,89,3197,0,35.9213483146,0,0,0,685,2,774,0,13,13,0,2,0,0,0,3,0,1,0,0,0,0,0,0,0,0,0,0,0,1,0,0,0,0,8,3,0,0,0,2,0,0,0,0,0,0,0,10,0,0,0,0
-1,0,0,6,58,2,0,72,0,0,0,0,0,0,0,0,0,0,24.5233793422,601.396134359,73,1913,0,26.2054794521,3,0,0,413,15,486,0,8,8,0,3,1,1,0,1,0,0,0,0,0,0,0,0,0,0,0,0,1,0,0,0,0,1,5,1,0,1,0,1,3,0,0,7,0,0,1,5,0,0,0,0
-1,0,1,3,118,2,1,44,0,0,0,2,11,0,0,0,2,11,20.1610062457,406.46617284,45,1304,0,28.9777777778,3,0,0,338,4,383,0,7,7,0,1,0,0,0,1,0,0,0,0,0,0,0,0,0,0,0,0,0,0,0,0,0,0,6,1,0,0,0,1,1,0,0,16,0,0,0,2,0,0,0,0
-1,0,0,35,122,1,2,54,0,0,0,0,0,0,0,0,0,0,23.0075731553,529.348422497,54,1774,0,32.8518518519,13,0,0,400,8,454,0,13,13,0,3,0,0,0,3,1,3,0,0,0,0,0,0,0,0,0,0,0,3,0,0,0,0,9,3,0,0,0,0,0,0,0,1,0,0,0,1,0,0,0,0
-1,0,4,160,1586,34,35,652,4,1,1,4,22,6,3,3,8,46,19.604317757,384.329274719,652,13448,15,20.6257668712,10,8,0,2787,117,3438,0,78,78,0,6,3,0,2,38,6,12,1,2,2,0,3,0,0,0,1,0,0,12,0,0,0,3,53,38,0,3,0,5,52,0,1,1,7,3,1,36,0,2,2,0
-1,0,1,5,164,2,1,46,0,0,0,2,12,0,0,0,2,12,21.7685466732,473.869624264,47,1541,0,32.7872340426,3,0,0,392,3,439,0,7,7,0,1,0,0,0,1,0,0,0,0,0,1,0,0,0,0,0,0,0,0,0,0,0,0,6,1,0,0,0,1,1,0,0,23,0,0,0,2,0,0,0,0
-1,0,2,54,146,6,4,62,2,2,2,0,31,2,2,2,0,35,27.6234387875,763.054370447,62,1783,4,28.7580645161,0,0,124,165,8,350,0,13,13,42,4,2,0,0,5,2,4,0,0,0,0,0,0,0,0,0,0,0,4,0,0,0,2,5,5,0,0,0,0,0,0,0,0,0,0,0,6,0,0,0,0
-1,0,48,761,4550,100,105,1614,21,3,10,4,182,103,42,60,43,1341,31.8912156963,1017.04963859,1629,56753,365,34.839165132,322,0,96,15401,213,17125,2,229,227,47,7,37,2,5,127,13,45,3,14,14,0,1,0,2,0,2,0,2,45,0,0,0,37,72,127,0,30,0,19,13,0,3,8,0,1,0,101,0,5,4,0
-1,0,2,204,942,12,28,355,1,1,1,2,13,1,1,1,2,17,31.6013311771,998.644132163,357,13528,0,37.893557423,59,2,0,2556,77,2913,0,43,43,0,4,24,0,0,46,6,13,0,0,0,22,0,0,0,0,1,0,0,13,0,0,0,24,19,46,0,11,0,9,9,0,0,100,0,0,0,12,0,0,4,0
-1,0,0,1,56,5,0,57,0,0,0,0,0,0,0,0,0,0,24.7182921589,610.993967251,59,1561,0,26.4576271186,12,0,0,176,15,235,0,0,0,0,1,0,4,0,0,0,0,0,0,0,0,0,0,0,0,0,0,4,0,0,0,0,0,7,0,0,0,0,0,0,0,0,0,0,0,4,5,0,0,0,0
-1,0,2,6,40,4,0,64,0,0,0,0,2,0,0,0,0,2,14.0932216503,198.618896484,64,933,0,14.578125,10,0,0,122,15,186,0,7,7,0,1,0,2,0,0,0,0,0,0,0,0,0,0,0,0,0,0,2,0,0,0,0,0,7,0,0,0,0,0,2,0,0,0,0,0,0,4,0,0,0,0
-1,0,0,195,1926,49,47,522,0,0,0,0,0,0,0,0,0,0,25.7338049808,662.22871879,526,15329,12,29.1425855513,7,4,0,3587,71,4113,0,101,101,0,4,13,0,0,35,0,6,2,11,14,2,0,0,0,0,0,0,0,6,0,0,0,13,53,35,0,0,0,13,8,0,2,254,0,0,0,49,0,0,0,0
-1,0,14,94,648,20,19,234,3,3,2,2,29,19,17,15,9,181,25.7224717868,661.645554825,234,7324,9,31.2991452991,16,2,0,2400,38,2633,0,45,45,0,4,4,0,1,14,0,5,0,1,0,3,0,0,0,0,0,0,0,5,0,0,0,4,19,14,0,1,0,3,9,0,0,18,1,0,0,20,0,1,0,0
-1,0,5,8,176,13,4,100,3,3,1,1,21,4,4,2,2,47,18.6471474029,347.716106264,101,2613,5,25.8712871287,21,0,0,451,13,552,0,10,10,0,3,1,0,0,4,0,0,1,3,3,0,0,0,0,0,0,0,0,0,0,0,0,1,6,4,0,0,0,1,0,0,1,0,0,0,0,13,0,0,0,0
-1,0,4,45,404,17,6,110,3,1,1,1,41,5,2,2,4,85,24.4876440423,599.644710744,110,3567,0,32.4272727273,20,0,0,763,13,872,0,17,17,0,2,5,0,0,6,0,0,0,0,0,0,0,0,0,0,0,0,0,0,0,0,0,5,15,6,0,2,0,1,5,0,0,0,0,0,0,17,0,0,2,0
-1,0,4,38,202,5,0,87,0,0,0,2,27,0,0,0,8,67,26.7264589278,714.303606817,87,2334,0,26.8275862069,8,0,0,770,22,856,0,10,10,0,0,0,0,0,0,0,0,0,0,0,0,0,0,0,0,0,0,0,0,0,0,0,0,5,0,0,0,0,0,1,0,0,0,0,0,0,5,0,0,0,0
-1,0,1,28,588,30,17,221,0,0,0,0,2,0,0,0,0,2,20.9658903747,439.568559202,221,5556,0,25.1402714932,23,0,0,1669,54,1890,0,35,35,0,3,7,0,0,10,0,1,0,0,0,0,0,0,0,0,0,0,0,1,0,0,0,7,20,10,0,2,0,8,12,0,0,43,1,0,0,30,0,0,0,0
-1,0,0,23,62,0,0,46,0,0,0,0,0,0,0,0,0,0,16.6255463119,276.40879017,46,779,1,16.9347826087,0,0,95,54,9,194,0,12,12,35,0,0,0,0,0,0,0,0,0,0,0,0,0,0,0,1,0,0,0,0,0,0,0,1,0,0,0,0,0,0,0,0,0,0,0,0,0,0,0,0,0
-1,0,1,16,138,4,2,43,0,0,0,0,6,0,0,0,0,6,26.4225963247,698.153596539,43,1314,16,30.5581395349,0,0,0,190,8,232,0,10,10,0,3,1,0,0,1,0,1,0,0,0,0,0,0,0,0,0,0,0,1,0,0,0,1,7,1,0,0,0,0,3,0,0,19,0,0,0,4,0,0,0,0
-1,0,3,63,248,10,6,115,6,3,4,1,103,7,4,8,3,110,16.5441815539,273.709943289,115,2499,0,21.7304347826,11,0,0,1007,13,1121,0,21,21,0,4,2,0,1,3,0,1,0,0,0,0,0,0,0,0,0,0,0,1,0,0,0,2,3,3,0,1,0,0,5,0,0,0,0,0,0,10,0,1,0,0
-1,0,0,2,68,3,1,32,0,0,0,0,0,0,0,0,0,0,24.7563803361,612.878367347,35,857,0,24.4857142857,0,0,0,162,6,197,0,5,5,0,1,0,0,0,1,0,0,0,0,0,0,0,0,0,0,0,0,0,0,0,0,0,0,6,1,0,0,0,2,1,0,0,0,0,0,0,3,0,0,2,0
-1,0,1,4,158,2,1,38,0,0,0,2,13,0,0,0,2,13,21.3838160092,457.267587114,39,1258,0,32.2564102564,3,0,0,369,4,408,0,7,7,0,1,0,0,0,1,0,0,0,0,0,0,0,0,0,0,0,0,0,0,0,0,0,0,6,1,0,0,0,1,1,0,0,25,0,0,0,2,0,0,0,0
-1,0,0,15,40,0,0,73,0,0,0,0,0,0,0,0,0,0,27.2190574347,740.877087634,73,1764,6,24.1643835616,22,0,0,335,26,408,0,3,3,0,1,0,0,0,1,0,0,0,0,0,0,0,0,0,0,0,0,0,0,0,0,0,0,1,1,0,2,0,0,0,0,0,0,0,0,0,0,0,0,0,0
-1,0,0,50,248,6,1,92,0,0,0,0,0,0,0,0,0,0,21.6476997922,468.622906292,94,2614,1,27.8085106383,2,0,0,870,16,964,0,10,10,0,4,0,1,0,3,2,3,0,0,0,0,1,0,0,0,0,0,1,3,0,0,0,0,4,3,0,0,0,0,1,0,0,0,0,1,0,6,0,0,0,0
-1,0,0,13,30,1,0,35,0,0,0,0,0,0,0,0,0,0,20.018481257,400.739591837,35,747,0,21.3428571429,10,0,1,232,10,267,0,5,5,0,3,1,0,0,1,0,1,0,0,0,0,0,0,0,0,0,0,0,1,0,0,0,1,3,1,0,0,0,1,1,0,0,0,0,0,0,1,0,0,0,0
-1,0,5,20,134,2,4,85,2,1,1,0,22,4,3,3,0,51,30.1,906.01,90,2763,0,30.7,22,0,0,457,22,547,0,15,15,0,2,0,0,0,9,0,3,0,0,0,0,0,0,0,0,0,0,0,3,0,0,0,0,6,9,0,0,0,1,0,0,0,5,0,0,0,5,0,0,0,0
-1,0,1,108,362,6,5,131,0,0,0,0,3,0,0,0,0,3,33.4888584753,1121.50364198,131,5726,0,43.7099236641,31,0,0,945,21,1075,0,15,15,0,4,1,0,0,16,8,10,0,0,0,0,0,0,0,0,0,1,0,10,0,0,0,1,10,16,0,7,1,14,11,0,0,43,2,0,0,6,0,0,0,0
-1,0,1,65,276,8,9,145,1,1,1,1,5,1,1,1,1,5,17.4071424651,303.008608799,145,3437,0,23.7034482759,6,0,0,1694,31,1839,0,22,22,0,3,0,0,0,9,0,2,3,3,11,0,0,0,0,0,2,0,0,2,0,0,0,0,12,9,0,0,0,0,31,0,3,0,0,0,0,8,0,0,0,0
-1,0,0,3,72,10,0,99,0,0,0,0,0,0,0,0,0,0,21.0318145161,442.337221841,101,1933,0,19.1386138614,12,0,0,344,28,444,0,17,17,0,0,0,0,0,0,0,0,0,0,0,0,0,0,0,0,0,0,0,0,0,0,0,0,14,0,0,0,0,0,5,0,0,0,0,0,0,10,0,0,0,0
-1,0,1,6,70,2,3,28,3,2,1,5,27,3,2,1,5,27,21.6489560007,468.677295918,28,853,0,30.4642857143,4,0,0,269,4,296,0,6,6,0,3,1,0,0,3,0,1,0,0,0,0,0,0,0,0,1,0,0,1,0,0,0,1,2,3,0,0,0,0,1,0,0,2,0,0,1,2,0,0,0,0
-1,0,6,70,502,0,0,199,0,0,0,5,7,0,0,0,15,32,32.9630384674,1086.561905,199,6175,28,31.0301507538,32,1,1,921,50,1121,0,30,30,0,2,3,0,0,1,0,0,0,0,0,1,0,0,0,0,0,0,0,0,0,0,0,3,35,1,0,2,0,5,29,0,0,87,0,0,0,0,0,0,6,0
-1,0,1,4,112,2,1,35,0,0,0,2,11,0,0,0,2,11,18.8130831807,353.932098765,36,1040,0,28.8888888889,3,0,0,317,4,353,0,7,7,0,1,0,0,0,1,0,0,0,0,0,0,0,0,0,0,0,0,0,0,0,0,0,0,6,1,0,0,0,1,1,0,0,16,0,0,0,2,0,0,0,0
-1,0,0,20,134,8,2,44,0,0,0,0,0,0,0,0,0,0,19.4536039934,378.442708333,48,1002,2,20.875,0,0,0,128,13,176,0,8,8,0,1,0,0,0,2,0,0,0,0,0,0,0,0,0,0,0,0,0,0,0,0,0,0,7,2,0,0,0,2,0,0,0,0,1,0,0,8,0,0,0,0
-1,0,0,62,212,0,4,101,0,0,0,0,0,0,0,0,0,0,13.5441853346,183.444956377,101,2082,0,20.6138613861,0,0,33,550,19,684,12,14,2,1,2,0,0,0,4,0,4,0,0,0,0,0,0,0,0,0,0,0,4,0,0,0,0,6,4,0,0,0,0,0,0,0,0,0,0,0,0,0,0,0,0
-1,0,1,10,128,2,0,28,0,0,0,2,11,0,0,0,2,11,21.7063966966,471.167657551,29,1075,1,37.0689655172,3,0,0,291,0,320,0,5,5,0,0,0,0,0,0,0,0,0,0,0,0,0,0,0,0,0,0,0,0,0,0,0,0,5,0,0,0,0,1,1,0,0,18,0,0,0,2,0,0,0,0
-1,0,0,51,506,34,5,118,0,0,0,0,0,0,0,0,0,0,27.1325604217,736.17583504,119,3573,0,30.025210084,22,0,0,439,18,558,0,10,10,0,2,4,0,0,1,0,0,0,0,0,0,0,0,0,0,0,0,0,0,0,0,0,4,6,1,0,2,0,16,0,0,0,0,0,0,0,35,0,0,0,0
-1,0,0,15,246,1,1,41,0,0,0,0,0,0,0,0,0,0,63.725103034,4060.88875669,41,1632,0,39.8048780488,2,0,33,97,7,170,0,4,4,31,2,0,0,0,1,0,1,0,0,0,0,0,0,0,0,0,0,0,1,0,0,0,0,3,1,0,0,0,0,1,0,0,1,0,0,1,1,0,0,0,0
-1,0,4,7,142,7,0,104,0,0,0,2,4,0,0,0,4,10,23.7842992868,565.692892562,110,2544,8,23.1272727273,7,1,0,372,32,482,0,8,8,0,1,0,2,0,0,0,0,0,0,0,0,0,0,0,0,0,0,2,0,0,0,0,0,7,0,0,0,0,4,0,0,0,7,0,0,0,7,0,0,0,0
-1,0,11,70,268,6,2,90,1,1,1,4,12,2,2,2,12,66,26.6218976051,708.725432099,90,2782,0,30.9111111111,1,0,0,383,16,473,0,16,16,0,1,0,0,0,2,0,0,0,0,0,0,0,0,0,0,1,0,0,0,0,0,0,0,13,2,0,0,0,0,0,0,0,1,0,0,0,6,0,0,0,0
-1,0,7,296,1800,22,7,656,7,3,2,2,254,7,3,2,14,614,23.1289618192,534.948874833,656,20751,0,31.6326219512,85,0,0,8876,96,9531,0,77,77,0,4,1,0,0,8,1,2,0,0,0,0,0,0,0,0,0,0,0,2,0,0,0,1,14,8,0,2,0,41,1,0,0,2,0,0,0,24,0,0,0,0
-1,0,0,5,38,4,1,12,0,0,0,0,0,0,0,0,0,0,12.1335164821,147.222222222,12,308,0,25.6666666667,1,0,0,44,0,56,0,2,2,0,2,0,1,1,0,0,0,0,0,0,0,0,0,0,0,0,0,1,0,0,0,0,0,1,0,0,0,0,0,1,0,0,0,0,0,0,4,0,1,0,0
-1,0,7,26,88,1,0,44,0,0,0,2,9,0,0,0,4,31,21.348640772,455.76446281,44,1104,0,25.0909090909,0,0,1,169,7,214,0,9,9,1,0,0,0,0,0,0,0,0,0,0,0,0,0,0,0,0,0,0,0,0,0,0,0,8,0,0,0,0,0,0,0,0,0,0,0,0,1,0,0,0,0
-1,0,7,66,288,10,3,114,2,2,2,0,40,3,3,3,0,73,15.5970141802,243.266851339,114,2562,0,22.4736842105,8,0,0,491,14,605,0,24,24,0,3,0,0,0,6,3,5,0,0,0,0,0,0,0,0,0,0,0,5,0,0,0,0,15,6,0,0,0,0,0,0,0,0,0,0,0,10,0,0,0,0
-1,0,0,48,298,13,11,103,0,0,0,0,0,0,0,0,0,0,18.7102769909,350.074465077,103,2441,2,23.6990291262,0,0,0,601,10,703,0,27,27,0,3,0,0,0,11,0,6,1,3,3,0,0,0,0,0,0,0,0,6,0,0,0,0,8,11,0,0,0,0,3,0,1,0,0,0,0,13,0,0,0,0
-1,0,4,23,308,10,5,99,2,2,1,1,23,4,4,2,4,42,26.5154843654,703.070911132,99,2714,6,27.4141414141,11,0,0,582,23,681,0,18,18,0,4,3,0,0,6,1,2,0,0,0,0,0,0,0,0,0,0,0,2,0,0,0,3,11,6,0,0,1,0,3,0,0,0,3,0,0,10,0,0,0,0
-1,0,0,41,434,9,4,109,0,0,0,0,0,0,0,0,0,0,24.1779691887,584.574194091,109,3098,16,28.4220183486,1,0,0,640,16,748,0,23,23,0,3,0,0,0,5,1,3,0,0,0,0,0,0,0,0,0,0,0,3,0,0,0,0,16,5,0,0,0,2,6,0,0,53,0,0,0,9,0,0,0,0
-1,0,2,4,66,6,1,65,0,0,0,0,27,0,0,0,0,29,21.3127130721,454.231738495,74,1581,0,21.3648648649,7,0,0,332,23,406,0,9,9,0,2,0,2,0,1,0,0,0,0,0,1,0,0,0,0,0,0,2,0,0,0,0,0,6,1,0,0,0,0,4,0,0,0,0,0,0,6,0,0,0,0
-1,0,0,11,122,3,2,46,0,0,0,0,0,0,0,0,0,0,15.90032754,252.820415879,46,906,0,19.6956521739,0,0,0,224,9,270,0,9,9,0,1,0,0,0,2,0,0,0,0,0,0,0,0,0,0,0,0,0,0,0,0,0,0,6,2,0,1,0,0,0,0,0,10,0,0,0,3,0,0,0,0
-1,0,0,84,720,13,18,193,0,0,0,0,0,0,0,0,0,0,19.922403051,396.902143327,195,5014,0,25.7128205128,0,0,0,1300,39,1495,0,38,38,0,3,10,0,0,8,0,1,0,0,0,0,0,0,0,0,0,0,0,1,0,0,0,10,18,8,0,0,0,10,10,0,0,61,0,0,0,13,0,0,0,0
-1,0,5,39,304,11,3,90,1,1,1,2,39,5,5,5,3,94,20.1334276473,405.354908827,91,2449,4,26.9120879121,3,0,0,547,12,638,0,19,19,0,2,0,0,0,3,0,2,0,0,0,0,0,0,0,0,0,0,0,2,0,0,0,0,16,3,0,0,0,1,3,0,0,1,0,0,0,11,0,0,0,0
-1,0,0,31,186,5,0,35,0,0,0,0,0,0,0,0,0,0,28.6646479277,821.662040816,35,1247,1,35.6285714286,0,0,0,223,5,257,0,5,5,0,0,0,0,0,0,0,0,0,0,0,0,0,0,0,0,0,0,0,0,0,0,0,0,5,0,0,0,0,1,2,0,0,28,0,0,0,5,0,0,0,0
-1,0,11,36,338,9,3,76,2,1,1,2,9,3,2,2,13,55,17.4679051987,305.127712032,78,1629,12,20.8846153846,1,0,0,192,12,270,0,14,14,0,1,0,0,0,3,0,0,0,0,0,0,0,0,0,0,0,0,0,0,0,0,0,0,16,3,0,0,0,0,16,0,0,0,0,0,0,9,0,0,0,0
-1,0,18,39,512,9,5,112,2,1,1,2,9,5,4,4,25,77,20.3356383127,413.538185587,112,2329,14,20.7946428571,0,0,0,250,18,362,0,23,23,0,1,0,0,0,5,0,0,0,0,0,0,0,0,0,0,0,0,0,0,0,0,0,0,25,5,0,0,0,0,25,0,0,0,0,0,0,9,0,0,0,0
-1,0,18,39,512,9,5,112,2,1,1,2,9,5,4,4,25,77,20.3356383127,413.538185587,112,2329,14,20.7946428571,0,0,0,250,18,362,0,23,23,0,1,0,0,0,5,0,0,0,0,0,0,0,0,0,0,0,0,0,0,0,0,0,0,25,5,0,0,0,0,25,0,0,0,0,0,0,9,0,0,0,0
-1,0,8,30,222,4,2,48,2,1,1,2,9,2,1,1,9,33,18.9576350604,359.391927083,48,1101,8,22.9375,0,0,0,116,7,164,0,8,8,0,1,0,0,0,2,0,0,0,0,0,0,0,0,0,0,0,0,0,0,0,0,0,0,10,2,0,0,0,0,12,0,0,0,0,0,0,4,0,0,0,0
-1,0,0,16,232,5,6,158,0,0,0,0,0,0,0,0,0,0,22.2288933176,494.123698125,158,3580,2,22.6582278481,6,0,0,683,31,840,0,26,26,0,4,2,1,0,6,0,2,0,0,0,0,1,0,1,0,0,0,1,2,0,0,0,2,9,6,0,1,0,0,6,0,0,0,1,1,1,5,0,0,0,0
-1,0,1,19,280,2,3,113,0,0,0,2,6,0,0,0,2,6,23.2626674204,541.151695513,113,2998,0,26.5309734513,12,0,0,717,28,830,0,21,21,0,4,1,0,0,4,1,2,0,0,0,0,0,0,0,0,0,0,0,2,0,0,0,1,16,4,0,0,1,2,9,0,0,35,1,0,1,2,0,0,0,0
-1,0,1,10,136,2,0,38,0,0,0,2,11,0,0,0,2,11,22.4903222667,505.814595661,39,1368,1,35.0769230769,3,0,0,326,0,365,0,5,5,0,0,0,0,0,0,0,0,0,0,0,0,0,0,0,0,0,0,0,0,0,0,0,0,5,0,0,0,0,1,1,0,0,20,0,0,0,2,0,0,0,0
-1,0,6,105,512,17,0,203,0,0,0,1,109,0,0,0,2,165,28.6707700525,822.013055401,203,6544,0,32.236453202,59,0,8,995,56,1205,0,7,7,8,1,0,0,0,1,0,0,0,0,0,0,0,0,0,0,0,0,0,0,0,6,0,0,8,1,0,8,0,19,0,0,0,7,0,0,0,17,0,0,1,0
-1,0,0,13,86,10,0,24,0,0,0,0,0,0,0,0,0,0,23.3252590196,544.067708333,24,735,0,30.625,0,0,2,120,4,145,0,3,3,0,0,0,0,0,0,0,0,0,0,0,0,0,0,0,0,0,0,0,0,0,0,0,0,3,0,0,1,0,0,1,0,0,0,0,0,0,10,0,0,0,0
-1,0,0,263,790,0,36,264,0,0,0,0,0,0,0,0,0,0,42.9379230036,1843.66523186,264,9230,360,34.9621212121,0,0,0,1854,14,2117,0,56,56,0,3,0,0,0,45,9,9,0,0,0,0,0,0,0,0,0,0,0,9,0,0,0,0,11,45,0,0,0,0,0,0,0,26,0,0,0,0,0,0,0,0
-1,0,0,8,70,2,0,60,0,0,0,0,0,0,0,0,0,0,27.9194476227,779.495555556,60,1816,0,30.2666666667,5,0,0,346,13,406,0,4,4,0,1,0,1,0,0,0,0,0,0,0,0,0,0,0,0,0,0,1,0,0,0,0,0,5,0,0,1,0,1,2,0,0,0,0,0,0,2,0,0,0,0
-1,0,14,283,3008,130,89,1223,9,3,2,2,82,31,18,14,16,232,21.9599167311,482.237942836,1223,32222,12,26.346688471,90,2,0,11277,279,12500,0,200,200,0,7,30,3,1,67,3,14,5,10,16,7,0,0,0,0,4,0,3,14,0,0,0,30,106,67,0,12,5,20,80,1,5,223,5,0,8,130,0,1,1,0
-1,0,15,81,464,12,5,124,1,1,2,4,11,5,5,7,33,83,27.0913529043,733.941402185,124,4069,0,32.814516129,0,0,0,570,21,694,0,28,28,0,4,1,0,0,6,2,4,0,0,0,0,0,0,0,0,1,0,0,4,0,0,0,1,22,6,0,0,0,0,4,0,0,6,0,0,0,12,0,0,0,0
-1,0,9,51,472,27,21,211,9,3,2,1,80,25,12,8,9,203,17.364536979,301.527144494,211,4948,0,23.4502369668,3,0,0,2198,37,2409,0,32,32,0,4,3,0,0,18,0,5,2,7,5,0,0,0,0,0,2,0,0,5,0,0,0,3,10,18,0,6,1,0,13,0,2,0,0,0,1,27,0,0,0,0
-1,0,7,1,118,2,3,57,1,1,2,2,7,3,3,4,11,29,24.5270812821,601.57771622,57,1784,1,31.298245614,16,0,58,231,8,346,0,11,11,49,3,6,1,0,4,0,0,0,0,0,0,0,0,0,0,0,0,1,0,0,0,0,6,13,4,0,2,0,2,3,0,0,3,0,0,0,2,0,0,0,0
-1,0,1,100,780,19,13,276,0,0,0,0,0,0,0,0,0,0,33.7990942499,1142.37877211,279,10095,6,36.1827956989,61,0,0,1614,67,1893,0,36,36,0,3,9,0,0,12,0,4,0,0,1,9,0,0,0,0,0,0,0,4,0,0,0,9,26,12,0,20,0,1,6,0,0,8,0,0,3,19,0,0,0,0
-1,0,4,86,464,15,8,99,6,2,1,1,64,7,3,2,4,77,33.0790052713,1094.22058974,99,3227,54,32.595959596,5,0,132,125,23,355,0,14,14,68,2,3,0,0,5,0,0,0,0,0,0,0,0,0,0,0,0,0,0,0,0,0,3,9,5,0,0,0,2,6,0,0,0,0,0,0,15,0,0,0,0
1,0,1,19,92,8,5,49,5,2,1,1,26,5,2,1,1,26,19.7974331421,391.938359017,49,1175,0,23.9795918367,3,0,50,204,6,302,0,5,5,23,2,2,0,0,4,0,0,0,0,0,0,0,0,0,0,0,0,0,0,0,0,0,2,1,4,0,0,0,0,1,0,0,0,0,0,0,8,0,0,1,0
1,0,1,13,140,5,5,55,2,2,1,3,14,2,2,1,3,14,18.1799635418,330.51107438,55,1203,0,21.8727272727,2,0,0,328,9,382,0,7,7,0,5,1,0,1,4,1,2,0,0,0,0,0,0,0,0,0,0,0,2,0,0,0,1,4,4,0,1,0,0,5,0,0,2,0,0,0,5,0,1,0,0
1,0,1,14,138,9,8,46,2,2,1,1,9,2,2,1,1,9,18.7391430445,351.155482042,46,993,2,21.5869565217,4,0,13,184,6,242,0,9,9,8,2,5,0,0,4,0,0,0,0,0,0,0,0,0,0,0,0,0,0,0,0,0,5,1,4,0,0,0,0,2,0,0,0,0,0,0,9,0,0,0,0
1,0,1,11,68,6,5,34,2,2,1,1,7,2,2,1,1,7,13.6899680392,187.415224913,34,604,4,17.7647058824,3,0,0,138,4,171,0,6,6,0,3,2,0,1,2,0,0,0,0,0,0,0,0,0,0,0,0,0,0,0,0,0,2,1,2,0,0,0,0,2,0,0,0,0,0,0,6,0,1,0,0
1,0,0,16,120,8,8,47,0,0,0,0,0,0,0,0,0,0,18.1215902336,328.392032594,47,1023,0,21.7659574468,2,0,69,187,6,302,0,8,8,25,3,4,0,0,4,0,1,0,0,0,0,0,0,0,0,0,0,0,1,0,0,0,4,1,4,0,0,0,0,1,0,0,0,0,0,0,8,0,0,1,0
1,0,5,150,800,5,9,169,5,3,1,3,88,9,5,2,7,163,23.4943032145,551.982283533,169,3788,0,22.4142011834,1,0,249,257,1,675,28,28,0,153,2,7,0,0,2,0,0,0,0,0,0,0,0,0,0,0,0,0,0,0,0,0,7,25,2,0,0,0,13,5,0,0,108,0,0,0,5,0,0,0,0
1,0,0,59,580,20,4,184,0,0,0,0,0,0,0,0,0,0,28.794825641,829.141983696,184,6233,0,33.875,45,0,191,760,27,1135,19,19,0,104,5,2,3,1,5,0,2,0,0,0,0,0,0,0,0,0,0,3,2,0,0,0,2,13,5,0,7,0,0,5,0,0,16,0,0,0,20,0,1,4,0
1,0,0,53,338,17,4,129,0,0,0,0,0,0,0,0,0,0,23.1030928537,533.752899408,130,3124,0,24.0307692308,11,0,145,252,19,526,14,15,1,78,5,3,1,0,4,0,1,1,2,2,0,0,0,0,0,0,0,1,1,0,0,0,3,11,4,0,6,0,1,3,0,1,1,0,0,0,17,0,0,0,0
1,0,0,310,4070,68,62,753,0,0,0,0,0,0,0,0,0,0,31.2064914163,973.845106515,753,26633,5,35.369189907,27,23,0,5433,52,6186,0,177,177,0,5,9,0,2,56,3,16,0,0,1,3,0,0,0,0,0,0,0,16,0,0,0,9,77,56,0,2,0,0,88,0,0,0,0,0,0,68,0,2,0,0
1,0,0,27,388,20,14,191,0,0,0,0,0,0,0,0,0,0,15.5828336085,242.82470327,191,3499,17,18.3193717277,43,0,0,708,37,898,0,37,37,0,3,0,0,0,17,3,5,0,0,0,0,0,0,0,0,0,0,0,5,0,0,0,0,18,17,0,0,0,0,30,0,0,0,0,0,6,20,0,0,0,0
1,0,0,30,278,10,9,96,0,0,0,0,0,0,0,0,0,0,22.5548713635,508.722222222,96,1912,1,19.9166666667,2,0,185,146,32,426,0,11,11,78,2,2,0,0,8,0,0,0,0,0,0,0,0,3,0,0,3,0,0,0,0,0,2,8,8,0,4,1,0,2,0,0,7,0,0,0,10,0,0,0,0
1,0,0,117,230,7,0,132,0,0,0,0,0,0,0,0,0,0,20.9671460175,439.621212121,132,3564,0,27.0,0,0,0,1401,9,1532,20,24,4,0,0,0,0,0,0,0,0,0,0,0,0,0,0,0,0,0,0,0,0,0,0,0,0,1,0,0,0,0,6,0,0,0,0,0,0,0,7,0,0,0,0
1,0,2,105,708,29,8,242,6,1,2,2,187,7,2,3,2,198,30.0691244252,904.152243699,242,9354,4,38.652892562,38,1,0,2894,34,3135,0,41,41,0,4,5,0,0,15,1,6,0,0,0,0,1,0,0,0,0,0,0,6,0,0,0,5,24,15,0,7,0,5,10,0,0,0,0,1,0,29,0,0,5,0
1,0,0,24,244,12,0,82,0,0,0,0,0,0,0,0,0,0,23.8671373211,569.640243902,82,2665,1,32.5,8,0,0,326,8,408,0,8,8,0,1,1,0,0,0,0,0,0,0,0,0,0,0,0,0,0,0,0,0,0,0,0,1,6,0,0,1,0,2,0,0,0,1,0,0,0,12,0,0,1,0
1,0,0,16,90,4,2,38,0,0,0,0,0,0,0,0,0,0,19.3690474727,375.16,40,972,3,24.3,2,0,0,239,5,279,0,10,10,0,4,0,1,0,4,2,2,0,0,0,0,0,0,0,0,0,0,1,2,0,0,0,0,7,4,0,0,0,0,0,0,0,0,0,0,0,4,0,0,0,0
1,0,0,103,708,29,7,229,0,0,0,0,0,0,0,0,0,0,29.9188856564,895.139718922,229,6413,39,28.0043668122,9,0,582,506,6,1316,0,52,52,216,3,2,0,0,5,0,2,0,0,0,3,4,0,0,0,0,0,0,2,0,0,0,2,31,5,0,2,0,4,5,0,0,6,0,4,0,30,0,0,0,0
1,0,0,23,210,9,4,56,0,0,0,0,0,0,0,0,0,0,30.4964032674,930.030612245,56,1900,5,33.9285714286,0,0,0,489,5,545,0,9,9,0,1,0,0,0,4,0,0,0,0,0,0,0,0,0,0,0,0,0,0,0,0,0,0,8,4,0,0,0,0,2,0,0,0,0,0,0,9,0,0,0,0
1,0,3,80,728,12,2,159,0,0,0,3,37,0,0,0,5,71,23.5087171923,552.659784028,159,4335,42,27.2641509434,1,0,0,921,26,1079,19,27,8,0,2,0,0,0,2,0,1,0,0,0,0,0,0,0,0,0,0,0,1,0,0,0,0,19,2,0,0,0,5,11,0,0,3,0,0,0,12,0,0,0,0
1,0,1,26,270,10,8,82,0,0,0,0,3,0,0,0,0,3,21.3850426137,457.320047591,82,2366,0,28.8536585366,2,0,0,576,7,658,0,21,21,0,3,1,0,0,7,0,3,0,0,0,0,0,0,0,0,0,0,0,3,0,0,0,1,15,7,0,0,0,0,4,0,0,4,0,0,0,10,0,0,1,0
1,0,1,57,632,2,2,210,0,0,0,1,2,0,0,0,1,2,24.4781563042,599.180136054,210,5466,9,26.0285714286,6,0,533,315,29,1058,0,55,55,179,4,1,0,0,3,1,1,0,0,0,0,0,0,0,0,0,0,0,1,0,0,0,1,30,3,0,0,0,1,2,0,0,28,0,0,0,2,0,0,1,0
1,0,0,36,259,7,8,124,0,0,0,0,0,0,0,0,0,0,25.0057329535,625.286680541,124,3384,2,27.2903225806,6,2,0,1006,26,1130,0,26,26,0,2,0,0,0,8,0,2,0,0,0,0,0,0,0,0,0,0,0,2,0,0,0,0,5,8,0,0,0,0,9,0,0,33,0,0,0,7,0,0,0,0
1,0,2,42,753,15,18,181,0,0,0,0,0,0,0,0,0,0,23.0304899544,530.403467538,181,5038,5,27.8342541436,0,0,0,1222,30,1403,0,32,32,0,3,1,1,0,17,0,0,0,0,0,1,0,0,0,0,0,2,1,0,0,0,0,1,33,17,0,2,0,8,6,0,0,1,0,0,0,15,0,0,0,0
1,0,0,136,1798,40,47,566,0,0,0,0,0,0,0,0,0,0,21.890405462,479.18985129,566,12164,26,21.4911660777,6,2,1184,990,135,2739,0,86,86,483,5,20,2,2,41,0,3,0,0,0,4,1,0,0,0,1,6,2,3,0,0,0,20,54,41,0,14,0,0,23,0,0,21,0,1,2,40,0,2,2,0
1,0,0,7045,406,15,11,148,0,0,0,0,0,0,0,0,0,0,5153.16109186,26555069.2386,148,66703,68,450.695945946,17,1,409,44,13,601,0,27,27,120,3,0,0,0,13,2,3,0,0,0,0,0,0,0,0,0,0,0,3,0,0,0,0,14,13,0,0,0,0,3,0,0,2,0,0,3,15,0,0,0,0
1,0,0,9,94,5,4,60,0,0,0,0,0,0,0,0,0,0,22.3234493054,498.336388889,60,1757,0,29.2833333333,21,1,0,535,13,594,0,7,7,0,4,1,1,0,5,0,1,0,0,0,0,0,0,0,0,0,0,1,1,0,0,0,1,9,5,0,0,0,1,3,0,0,1,1,0,3,8,0,0,0,0
1,0,1,8,63,0,0,42,0,0,0,0,1,0,0,0,0,1,24.6058383095,605.447278912,42,837,4,19.9285714286,2,0,0,145,12,187,0,9,9,0,0,0,0,0,0,0,0,0,0,0,0,0,0,0,0,0,0,0,0,0,0,0,0,5,0,0,0,0,0,3,0,0,5,0,0,0,0,0,0,0,0
1,0,0,3,98,4,2,36,0,0,0,0,0,0,0,0,0,0,16.0180020255,256.576388889,36,825,0,22.9166666667,2,0,0,168,3,203,0,6,6,0,2,1,0,0,1,0,0,0,0,0,0,0,0,0,0,0,0,0,0,0,0,0,1,3,1,0,1,0,1,2,0,0,0,0,0,0,4,0,0,1,0
1,0,0,37,286,13,3,102,0,0,0,0,0,0,0,0,0,0,17.3797400246,302.055363322,102,2238,1,21.9411764706,5,0,0,563,17,665,0,20,20,0,2,0,0,0,3,0,1,0,0,0,3,0,0,0,0,0,0,0,1,0,0,0,0,3,3,0,0,0,2,2,0,0,0,0,0,0,13,0,0,1,0
1,0,3,19,149,8,3,49,1,1,1,0,11,2,2,2,0,23,24.176275455,584.492294877,49,1296,19,26.4489795918,2,0,0,163,8,212,0,9,9,0,2,0,0,0,3,0,1,0,0,0,0,0,0,2,0,0,1,0,1,0,0,0,0,4,3,0,0,0,0,2,0,0,1,1,0,0,8,0,0,0,0
1,0,2,8,80,6,0,43,0,0,0,0,26,0,0,0,0,29,23.3591656948,545.650621958,43,990,4,23.023255814,2,0,0,145,11,188,0,4,4,0,0,0,0,0,0,0,0,0,0,0,0,0,0,0,0,0,0,0,0,0,0,0,0,6,0,0,0,0,1,2,0,0,3,0,0,0,6,0,0,0,0
1,0,2,31,154,8,2,35,2,2,1,1,27,2,2,1,2,30,23.9009179228,571.253877551,35,1318,0,37.6571428571,2,0,0,291,2,326,0,5,5,0,2,0,0,0,2,0,1,0,0,0,0,0,0,0,0,0,0,0,1,0,0,0,0,4,2,0,0,0,2,5,0,0,0,0,0,0,8,0,0,0,0
1,0,16,612,3850,76,58,1367,9,2,2,3,158,25,13,15,26,330,24.3827519677,594.518593517,1367,35889,16,26.2538405267,112,4,4380,2292,150,8039,0,277,277,1114,4,12,0,0,60,4,32,0,0,0,50,0,0,0,0,2,0,0,32,0,0,0,12,162,60,0,10,0,7,116,0,0,6,0,0,0,84,0,0,0,0
1,0,0,51,460,13,9,117,0,0,0,0,0,0,0,0,0,0,28.3699594759,804.854600664,119,3576,17,30.0504201681,2,2,273,182,16,574,0,26,26,113,2,1,0,0,8,0,0,0,0,0,13,0,0,1,0,0,0,0,0,0,0,0,1,17,8,0,1,1,0,5,0,0,6,0,0,0,13,0,0,0,0
1,0,9,220,836,25,29,189,11,4,4,2,61,31,18,17,11,182,197.430128529,38978.655651,190,6451,150,33.9526315789,1,0,0,71,1,261,0,61,61,0,3,3,0,0,26,0,11,0,0,0,0,0,0,1,0,1,0,0,11,0,0,0,3,21,26,0,0,0,0,1,0,0,1,0,0,1,25,0,0,0,0
1,0,3,85,492,17,7,333,2,2,1,0,74,3,3,2,0,165,33.8264270076,1144.2271641,333,6965,5,20.9159159159,32,0,0,2169,189,2501,0,35,35,0,5,8,0,1,6,1,2,0,0,0,4,0,0,0,0,0,0,0,2,0,0,0,8,19,6,0,1,0,3,1,0,0,8,0,0,0,18,0,1,0,0
1,0,8,52,370,24,13,174,4,3,1,2,18,5,4,2,10,70,17.9747368343,323.091164263,183,3877,40,21.1857923497,16,0,59,889,46,1131,0,32,32,39,4,0,0,1,17,5,10,0,0,0,0,0,0,0,0,0,0,0,10,0,0,0,0,9,17,0,0,0,0,12,0,0,0,0,0,2,24,0,1,0,0
1,0,9,34,472,8,7,145,4,2,1,3,26,7,5,4,15,99,18.3832550596,337.944066587,145,3476,8,23.9724137931,4,1,0,801,21,945,0,22,22,0,4,1,0,0,6,0,1,1,5,5,0,0,0,0,0,1,0,0,1,0,0,0,1,19,6,0,1,1,2,12,0,1,2,1,0,1,8,0,0,0,0
1,0,0,60,216,9,4,97,0,0,0,0,0,0,0,0,0,0,24.6583758169,608.035497928,97,2942,6,30.3298969072,14,0,0,558,7,655,0,22,22,0,3,3,0,0,3,0,3,0,0,0,6,0,0,0,0,0,0,0,3,0,0,0,3,11,3,0,1,0,0,0,0,0,14,0,0,0,10,2,0,0,0
1,0,2,208,1426,27,36,473,1,1,1,2,7,1,1,1,3,9,21.3567534964,456.110919908,473,11748,0,24.8372093023,29,8,0,3667,109,4140,0,57,57,0,6,11,1,2,27,0,2,1,6,5,0,0,0,2,0,0,0,1,2,0,0,0,11,22,27,0,0,0,3,34,0,1,145,0,0,4,27,0,2,0,0
1,0,6,58,360,7,6,93,5,1,1,2,59,6,2,2,5,81,16.0489481359,257.56873627,93,1874,0,20.1505376344,4,0,77,102,1,272,9,9,0,68,2,3,0,0,4,0,0,0,0,0,0,0,0,0,0,0,0,0,0,0,0,0,3,6,4,0,0,0,34,0,0,0,0,0,0,0,7,0,0,0,0
1,0,0,34,118,5,5,71,0,0,0,0,0,0,0,0,0,0,16.0156142815,256.499900813,71,1414,0,19.9154929577,5,0,0,491,15,562,0,9,9,0,3,1,0,0,4,0,0,1,5,5,0,0,0,0,0,0,0,0,0,0,0,0,1,2,4,0,0,0,0,2,0,1,0,0,0,2,5,0,0,1,0
1,0,1,11,108,6,1,54,0,0,0,1,4,0,0,0,1,4,16.1628479644,261.237654321,54,1011,0,18.7222222222,0,0,0,146,5,200,0,6,6,0,2,0,0,0,1,0,1,0,0,0,0,0,0,0,0,0,0,0,1,0,0,0,0,4,1,0,0,0,0,0,0,0,5,0,0,0,6,0,0,0,0
1,0,0,119,820,26,12,271,0,0,0,0,0,0,0,0,0,0,27.9280788357,779.977587451,271,7522,21,27.7564575646,7,2,380,748,76,1398,0,31,31,199,4,6,1,0,15,0,5,0,0,0,0,1,0,0,0,0,3,1,5,0,0,0,6,27,15,0,8,0,1,0,0,0,24,0,0,0,26,0,0,1,0
1,0,0,20,322,11,8,95,0,0,0,0,0,0,0,0,0,0,16.2887177786,265.32232687,95,2084,1,21.9368421053,2,0,0,473,11,568,0,21,21,0,3,0,0,2,6,0,1,0,0,0,0,0,0,0,0,0,0,0,1,0,0,0,0,9,6,0,2,0,2,6,0,0,0,0,0,0,11,0,2,0,0
1,0,0,17,190,14,8,92,0,0,0,0,0,0,0,0,0,0,25.0029717564,625.14859665,94,2761,3,29.3723404255,9,1,0,525,13,619,0,10,10,0,2,9,0,0,3,0,0,0,0,0,0,0,0,0,0,0,0,0,0,0,0,0,9,2,3,0,0,0,1,2,0,0,0,0,0,0,14,0,0,0,0
1,0,3,82,1142,59,29,430,5,1,1,2,36,5,1,1,3,52,17.5831246842,309.166273661,430,9246,5,21.5023255814,9,2,0,1660,36,2090,0,54,54,0,4,3,0,0,34,3,4,0,0,0,0,2,0,0,0,0,0,0,4,0,0,0,3,28,34,0,0,1,5,20,0,0,131,1,2,0,59,0,0,2,0
1,0,0,48,454,26,2,141,0,0,0,0,0,0,0,0,0,0,16.9975810243,288.917760676,141,3228,6,22.8936170213,12,0,0,366,21,507,0,15,15,0,2,2,0,0,2,0,0,0,0,0,0,1,0,0,0,0,0,0,0,0,0,0,2,7,2,0,3,0,2,2,0,0,0,0,0,0,26,0,0,0,0
1,0,0,71,518,17,2,132,0,0,0,0,0,0,0,0,0,0,21.394147297,457.709538567,132,3411,3,25.8409090909,4,0,0,443,25,574,0,24,24,0,3,1,0,0,2,0,2,0,0,0,1,0,0,0,0,0,0,0,2,0,0,0,1,13,2,0,0,0,2,0,0,0,0,0,1,0,17,0,0,0,0
1,0,1,9,332,14,4,72,1,1,1,2,5,1,1,1,2,5,20.5689145779,423.080246914,72,1984,12,27.5555555556,0,0,0,404,7,476,0,10,10,0,4,1,0,0,4,1,1,0,0,0,0,0,0,0,0,0,0,0,1,0,0,0,1,5,4,0,1,1,3,1,0,0,21,0,0,0,14,1,0,0,0
1,0,0,6,144,6,0,49,0,0,0,0,0,0,0,0,0,0,19.161849352,367.176470588,51,1326,0,26.0,1,0,39,110,8,200,0,6,6,20,1,3,0,0,0,0,0,0,0,0,0,0,0,0,0,0,0,0,0,0,0,0,3,4,0,0,0,0,0,4,0,0,3,0,0,0,6,0,0,1,0
1,0,0,31,144,4,8,85,0,0,0,0,0,0,0,0,0,0,17.1038189548,292.540622837,85,1617,0,19.0235294118,21,0,0,361,16,446,0,14,14,0,2,2,0,0,6,0,0,0,0,0,0,0,0,0,0,6,0,0,0,0,0,0,2,5,6,0,0,0,1,1,0,0,1,0,0,1,4,0,0,3,0
1,0,14,92,670,31,24,267,7,3,3,2,50,24,12,11,13,238,22.9800843488,528.084276677,267,6833,1,25.5917602996,20,2,0,1685,44,1951,8,54,46,0,4,4,0,0,22,1,3,0,0,0,1,0,0,0,0,1,0,0,3,0,0,0,4,15,22,0,2,0,1,6,0,0,3,0,0,0,31,0,0,0,0
1,0,0,11,42,0,0,32,0,0,0,0,0,0,0,0,0,0,14.8753939023,221.27734375,32,502,8,15.6875,0,0,0,111,6,143,0,2,2,0,0,0,0,0,0,0,0,0,0,0,0,0,0,0,0,0,0,0,0,0,0,0,0,2,0,0,0,0,1,1,0,0,0,0,0,0,0,0,0,0,0
1,0,0,42,584,16,16,216,0,0,0,0,0,0,0,0,0,0,25.7510300345,663.11554784,216,6717,20,31.0972222222,9,1,0,2065,37,2281,0,43,43,0,3,0,0,0,17,1,5,0,0,0,0,0,0,0,0,0,3,0,5,0,0,0,0,18,17,0,0,0,2,11,0,0,96,0,0,0,16,0,0,0,0
1,0,0,25,204,19,3,61,0,0,0,0,0,0,0,0,0,0,22.2266427865,494.023649557,61,1545,5,25.3278688525,6,0,0,228,14,288,0,6,6,0,2,0,0,0,3,0,1,0,0,0,0,0,0,0,0,0,0,0,1,0,0,0,0,2,3,0,0,0,2,0,0,0,0,1,0,0,21,0,0,0,0
1,0,0,84,530,18,25,302,0,0,0,0,0,0,0,0,0,0,28.8953968789,834.943960791,302,10051,123,33.2814569536,27,0,449,3018,65,3768,0,45,45,1,5,14,1,1,19,0,1,0,0,0,0,0,0,0,0,4,0,1,1,0,0,0,14,12,19,0,2,0,4,5,0,0,57,0,0,2,18,0,1,1,0
1,0,0,38,170,1,0,106,0,0,0,0,0,0,0,0,0,0,20.2650930001,410.673994304,106,2827,30,26.6698113208,1,0,33,767,20,905,0,16,16,1,0,0,0,0,0,0,0,0,0,0,0,0,0,0,0,0,0,0,0,0,0,0,0,10,0,0,0,0,0,4,0,0,26,0,0,0,1,0,0,0,0
1,0,3,15,124,3,0,42,0,0,0,3,11,0,0,0,5,27,25.5385196594,652.215986395,42,975,9,23.2142857143,1,0,0,136,10,177,0,6,6,0,0,0,0,0,0,0,0,0,0,0,0,0,0,0,0,0,0,0,0,0,0,0,0,5,0,0,0,0,1,0,0,0,0,0,0,0,3,0,0,0,0
1,0,0,766,3722,85,113,2005,0,0,0,0,0,0,0,0,0,0,28.8966944972,835.018952867,2005,70957,407,35.3900249377,223,8,3388,21798,396,27190,0,317,317,368,7,51,10,2,177,28,46,1,0,4,8,0,0,0,0,11,1,10,46,0,0,0,51,113,177,13,20,0,35,66,0,1,410,0,0,9,87,0,2,5,0
1,0,0,184,1004,19,25,514,0,0,0,0,0,0,0,0,0,0,24.3407853986,592.47383382,514,15829,116,30.7957198444,38,0,493,5137,103,6143,1,83,82,41,5,14,1,0,23,2,11,0,2,0,6,0,0,0,0,2,0,1,11,0,0,0,14,29,23,0,2,0,3,11,0,0,113,0,0,2,19,0,0,3,0
1,0,1,3,106,1,3,57,0,0,0,3,2,0,0,0,3,2,16.074235295,258.38104032,57,965,0,16.9298245614,4,0,0,130,10,187,0,6,6,0,1,0,0,0,3,0,0,0,0,0,1,0,0,0,0,0,0,0,0,0,0,0,0,5,3,0,0,0,3,7,0,0,0,1,0,1,1,0,0,0,0
1,0,0,29,190,3,0,80,0,0,0,0,0,0,0,0,0,0,16.5953636221,275.40609375,80,1859,12,23.2375,11,0,0,520,6,599,0,16,16,0,0,0,0,0,0,0,0,0,0,0,0,0,0,0,0,4,0,0,0,0,0,0,0,3,0,0,0,0,0,0,0,0,3,0,0,0,3,0,0,0,0
1,0,0,18,250,6,7,89,0,0,0,0,0,0,0,0,0,0,23.7231326313,562.787021841,89,2068,8,23.2359550562,1,1,85,119,18,292,0,16,16,61,3,0,0,1,7,0,2,0,0,0,0,0,0,0,0,0,0,0,2,0,0,0,0,10,7,0,1,0,0,2,0,0,48,0,0,0,6,0,1,0,0
1,0,5,104,1360,24,20,318,0,0,0,0,0,0,0,0,0,0,20.6956833873,428.311310866,318,8905,9,28.0031446541,1,0,0,1979,46,2297,0,56,56,0,2,2,0,0,18,0,0,0,0,0,2,1,0,0,0,1,2,0,0,0,0,0,2,73,18,0,2,1,12,6,0,0,0,1,1,8,24,0,0,0,0
1,0,1,11,60,3,1,47,1,1,1,0,19,1,1,1,0,19,23.5223904391,553.302851969,47,981,2,20.8723404255,3,0,0,176,13,223,0,3,3,0,2,2,0,0,1,0,0,0,0,0,0,0,0,0,0,0,0,0,0,0,0,0,2,4,1,0,1,0,3,1,0,0,4,1,0,0,3,0,0,0,0
1,0,10,60,1534,40,51,451,3,2,2,2,13,7,5,4,11,48,21.3114964543,454.179881122,451,12664,18,28.0798226164,15,6,0,2694,16,3144,0,108,108,0,4,13,0,0,40,1,8,0,0,0,1,0,0,5,0,0,3,0,8,0,0,0,13,41,40,0,20,2,16,42,0,0,100,6,0,3,40,1,0,4,0
1,0,0,89,1098,17,14,276,0,0,0,0,0,0,0,0,0,0,23.9591811718,574.042362424,276,7471,25,27.0688405797,2,0,529,327,54,1131,0,55,55,197,3,0,0,0,16,2,2,0,0,0,4,0,0,0,0,0,0,0,2,0,0,0,0,45,16,0,0,0,1,2,0,0,68,0,0,1,17,0,0,0,0
1,0,2,29,362,10,11,106,1,1,1,2,10,1,1,1,3,12,18.6128608829,346.438590246,106,2704,0,25.5094339623,1,0,0,660,5,765,0,24,24,0,3,3,0,0,8,0,2,0,1,0,1,0,0,0,0,0,0,0,2,0,0,0,3,8,8,2,1,0,1,2,0,0,6,0,0,0,10,0,0,1,0
1,0,0,142,933,4,18,319,0,0,0,0,0,0,0,0,0,0,41.8069319323,1747.81955759,319,9994,134,31.329153605,0,0,693,1121,100,2132,0,40,40,281,4,12,7,0,22,0,1,0,0,0,0,0,0,0,0,0,0,7,1,0,0,1,12,26,22,0,10,0,1,18,0,0,15,0,0,0,4,0,0,2,0
1,0,0,79,312,3,4,191,0,0,0,0,0,0,0,0,0,0,116.96100224,13679.8760451,191,7910,34,41.4136125654,0,0,448,1230,60,1868,3,18,15,151,4,3,4,2,6,0,0,0,0,0,0,1,0,0,0,1,0,4,0,0,0,0,3,6,6,0,8,0,1,9,0,0,5,0,1,0,3,0,2,4,0
1,0,1,264,1944,81,62,852,4,2,1,3,37,4,2,1,3,37,21.5394476373,463.947804518,854,22135,57,25.9192037471,44,20,0,4111,105,4965,0,96,96,0,5,14,0,16,36,0,8,4,12,10,0,0,9,2,0,4,0,0,8,0,0,0,14,26,36,0,0,0,27,26,0,4,147,8,0,2,81,0,16,0,0
1,0,0,9,106,6,3,34,0,0,0,0,0,0,0,0,0,0,29.1565545166,850.10467128,34,1251,0,36.7941176471,9,0,0,267,2,300,0,5,5,0,2,3,0,0,2,0,0,0,0,0,0,0,0,0,0,0,0,0,0,0,0,0,3,4,2,0,0,0,1,1,0,0,0,0,0,0,6,0,0,0,0
1,0,6,60,874,32,23,257,10,7,2,3,48,13,10,5,14,115,26.2495780696,689.040348832,257,9021,0,35.1011673152,15,1,6,3598,36,3861,0,54,54,6,4,8,0,0,22,2,7,0,0,0,1,1,0,0,0,0,0,0,7,0,0,0,8,21,22,0,1,0,1,6,0,0,1,0,2,3,32,0,0,0,0
1,0,2,48,178,3,3,88,3,2,1,1,24,3,2,1,1,32,26.5274982077,703.708161157,88,3106,8,35.2954545455,26,0,179,368,7,634,13,10,-3,75,4,2,0,1,5,0,2,0,0,0,0,0,0,0,0,0,0,0,2,0,0,0,2,4,5,0,3,0,0,0,0,0,5,1,1,0,3,0,1,0,0
1,0,12,162,1564,57,10,430,6,1,1,3,96,10,3,3,4,353,21.4918179055,461.898236885,430,11314,32,26.311627907,18,0,1,3213,100,3644,3,36,33,0,1,10,0,0,0,0,0,0,0,0,0,0,0,0,0,0,0,0,0,0,0,0,10,12,0,0,0,0,71,1,0,0,0,0,0,0,57,0,0,0,0
1,0,5,158,954,39,15,335,6,2,2,1,94,11,7,6,1,223,26.4160040905,697.805272109,336,13032,31,38.7857142857,80,1,98,4875,54,5309,0,54,54,20,4,5,0,0,13,2,6,0,0,0,11,0,0,0,0,0,0,0,6,0,0,0,5,28,13,0,4,0,9,1,0,0,1,0,0,0,40,0,0,0,0
1,0,1,79,630,13,3,199,0,0,0,3,10,0,0,0,3,10,19.4667049653,378.952602207,199,4754,6,23.8894472362,15,2,0,801,36,999,0,31,31,0,2,0,0,0,3,0,3,0,0,0,0,0,0,0,0,0,0,0,3,0,0,0,0,14,3,0,1,0,3,2,0,0,0,0,0,0,13,0,0,0,0
1,0,0,150,2256,29,70,735,0,0,0,0,0,0,0,0,0,0,18.5712579295,344.891621084,735,18598,37,25.3034013605,26,0,0,5802,47,6536,0,155,155,0,4,0,0,0,78,3,34,2,1,1,0,0,0,0,0,2,4,0,34,0,0,0,0,74,78,0,1,0,8,76,0,2,1,0,0,0,29,0,0,1,0
1,0,1,37,230,2,0,42,0,0,0,2,8,0,0,0,2,8,35.5301922008,1262.39455782,42,1542,5,36.7142857143,0,0,51,81,7,173,0,6,6,30,0,0,0,0,0,0,0,0,0,0,0,1,0,0,0,0,0,0,0,0,0,0,0,7,0,0,0,0,0,0,0,0,0,0,1,0,2,0,0,0,0
1,0,5,100,770,22,16,263,2,2,3,2,14,2,2,3,2,22,23.506919358,552.575257702,263,7322,5,27.8403041825,0,0,0,1895,34,2158,0,72,72,0,4,1,0,0,25,10,16,0,0,0,0,0,0,0,0,0,0,0,16,0,0,0,1,38,25,0,0,0,5,19,0,0,3,0,0,0,22,0,0,0,0
1,0,0,14,207,4,3,71,0,0,0,0,0,0,0,0,0,0,16.4778258967,271.51874628,71,1263,11,17.7887323944,0,0,97,83,5,250,0,20,20,54,2,0,0,0,3,0,1,0,0,0,0,0,0,0,0,2,1,0,1,0,0,0,0,6,3,0,0,0,0,1,0,0,3,0,0,0,4,0,0,0,0
1,0,0,41,358,10,3,102,0,0,0,0,0,0,0,0,0,0,19.0092376216,361.351114956,102,2663,4,26.1078431373,0,0,0,748,7,849,0,19,19,0,3,1,0,0,2,0,1,0,0,0,0,1,0,0,0,0,0,0,1,0,0,0,1,7,2,0,0,0,0,1,0,0,4,0,1,0,10,0,0,0,0
1,0,0,79,853,34,30,285,0,0,0,0,0,0,0,0,0,0,23.2402814142,540.110680209,285,10150,14,35.6140350877,26,4,0,3784,40,4069,0,55,55,0,4,0,0,4,33,6,16,0,0,0,0,0,0,0,0,0,0,0,16,0,0,0,0,10,33,0,0,0,0,9,0,0,52,0,0,0,35,0,4,0,0
1,0,4,7,114,3,2,40,1,1,1,2,8,2,2,2,5,16,16.5936546607,275.349375,40,821,0,20.525,0,0,0,185,5,224,0,8,8,0,2,0,0,1,1,0,0,0,0,0,0,0,0,0,0,0,0,0,0,0,0,0,0,5,1,0,0,0,1,4,0,0,0,1,0,0,3,0,1,0,0
1,0,22,282,2664,76,115,777,14,7,4,4,55,68,41,32,30,381,34.2880626928,1175.67124322,777,25560,32,32.8957528958,59,9,2531,2468,44,5776,0,183,183,770,6,31,2,1,118,12,33,0,0,0,6,4,0,0,0,0,0,2,33,0,0,0,31,53,118,0,18,0,1,31,0,0,1,0,4,31,76,0,1,0,0
1,0,0,106,1230,33,56,474,0,0,0,0,0,0,0,0,0,0,26.9903201308,728.477380762,474,15210,40,32.0886075949,28,1,0,3867,58,4341,0,92,92,0,4,16,0,0,53,1,16,0,2,1,0,2,0,0,0,0,1,0,16,0,0,0,16,26,53,0,13,1,8,21,0,0,137,0,2,12,34,0,0,5,0
1,0,9,25,301,0,2,103,2,1,1,3,94,3,2,2,11,122,19.0220662552,361.839004619,103,2302,2,22.3495145631,0,0,256,153,20,512,0,21,21,81,1,0,0,0,2,0,0,0,0,0,0,0,0,0,0,0,2,0,0,0,0,0,0,16,2,0,0,0,0,0,0,0,0,0,4,0,0,0,0,0,0
1,0,3,25,122,0,3,56,1,1,3,1,15,3,3,5,1,41,19.6480431466,386.04559949,56,1237,0,22.0892857143,0,0,161,75,6,292,0,17,17,48,1,0,0,0,3,0,0,0,0,0,0,0,0,0,0,0,0,0,0,0,0,0,0,11,3,0,0,0,0,3,0,0,0,0,0,0,0,0,0,0,0
1,0,0,47,370,16,16,129,0,0,0,0,0,0,0,0,0,0,24.3374294332,592.310471418,131,3324,0,25.3740458015,0,0,98,488,19,716,16,16,0,23,2,0,0,0,16,0,16,0,0,0,0,0,0,0,0,0,0,0,16,0,0,0,0,16,16,0,2,0,0,0,0,0,0,0,0,0,16,0,0,0,0
1,0,3,196,1566,102,1,422,1,1,1,2,7,1,1,1,4,18,18.4349783847,339.848428044,424,11373,0,26.8231132075,4,0,0,2346,33,2770,0,85,85,0,2,1,0,0,5,0,0,0,0,0,0,1,0,0,0,1,0,0,0,0,0,0,1,77,5,0,0,1,5,29,0,0,0,1,1,1,102,0,0,2,0
1,0,2,38,348,23,16,134,0,0,0,0,3,0,0,0,0,5,27.8234787171,774.145967922,134,3913,0,29.2014925373,12,0,0,1062,22,1195,0,28,28,0,3,4,0,0,13,0,5,0,0,0,0,0,0,0,0,0,0,0,5,0,0,0,4,7,13,0,5,0,2,2,0,0,0,0,0,0,23,0,0,1,0
1,0,1,30,248,12,1,93,0,0,0,1,3,0,0,0,1,3,18.7479216099,351.48456469,93,2175,5,23.3870967742,3,0,0,575,19,668,0,18,18,0,1,0,0,1,0,0,0,0,0,0,0,0,0,0,0,0,0,0,0,0,0,0,0,20,0,0,0,0,4,0,0,0,5,0,0,0,12,0,1,0,0
1,0,0,14,74,0,0,18,0,0,0,0,0,0,0,0,0,0,23.6589855964,559.747599451,27,668,4,24.7407407407,7,0,0,48,10,74,0,0,0,0,1,1,0,0,0,0,0,0,0,0,0,0,0,0,0,0,0,0,0,0,0,0,1,0,0,0,0,0,1,0,0,0,0,0,0,0,0,0,0,0,0
1,0,15,839,5954,215,274,2233,50,9,6,3,253,101,38,27,23,642,23.4007305867,547.594191993,2233,55244,325,24.7398119122,16,9,10054,3653,68,15940,422,503,81,2203,7,16,6,31,248,21,96,5,18,40,3,0,0,2,0,5,2,6,96,0,0,0,16,172,248,0,66,2,17,174,0,5,72,7,0,40,215,7,31,0,0
1,0,1,161,1456,18,33,256,1,1,1,1,9,1,1,1,1,9,26.7657013918,716.402770996,256,9430,0,36.8359375,9,3,0,3135,13,3391,0,54,54,0,4,1,0,0,38,3,9,0,0,0,0,0,0,0,0,0,0,0,9,0,0,0,1,51,38,0,3,0,2,52,0,0,1,0,0,9,18,0,0,2,0
1,0,0,35,296,14,8,98,0,0,0,0,0,0,0,0,0,0,20.8453404244,434.528217409,98,3735,2,38.112244898,15,0,0,1699,3,1796,0,24,24,0,4,0,2,0,14,2,5,0,0,0,0,0,0,0,0,0,0,2,5,0,0,0,0,16,14,0,1,0,2,0,0,0,1,0,0,0,14,0,0,0,0
1,0,8,64,1366,15,36,432,8,5,2,3,39,19,12,5,13,119,20.5301832901,421.488425926,432,11052,34,25.5833333333,18,5,0,2699,51,3130,0,71,71,0,6,4,0,5,30,1,7,2,2,11,0,0,0,0,0,2,2,0,7,2,0,1,4,34,30,1,5,2,4,43,4,2,1,3,0,2,15,0,5,0,0
1,0,1,17,114,2,2,58,1,1,6,0,19,1,1,6,0,19,21.2718168065,452.49019025,58,1191,2,20.5344827586,2,0,0,301,12,359,0,7,7,0,1,0,0,0,2,0,0,0,0,0,0,0,0,0,0,0,0,0,0,0,0,0,0,4,2,0,0,0,0,5,0,0,0,0,0,0,2,0,0,0,0
1,0,0,1,86,3,3,29,0,0,0,0,0,0,0,0,0,0,14.7792803177,218.42712671,41,548,0,13.3658536585,0,0,25,33,15,99,0,8,8,18,2,0,0,0,3,0,1,0,0,0,0,0,0,0,0,0,0,0,1,0,0,0,0,4,3,0,0,0,0,0,0,0,8,0,0,0,3,0,0,0,0
1,0,1,93,1682,26,39,364,2,2,1,2,9,2,2,1,2,9,23.3965986245,547.400827195,364,10562,5,29.0164835165,15,0,0,1996,42,2360,0,70,70,0,3,0,1,3,36,0,0,0,0,0,0,0,0,0,0,0,1,1,0,0,0,0,0,44,36,0,2,0,1,30,0,0,0,0,0,0,26,0,3,0,0
1,0,1,33,164,2,7,67,0,0,0,1,14,0,0,0,1,14,23.1579465381,536.290487859,67,1669,2,24.9104477612,0,0,200,120,8,386,0,14,14,61,3,2,0,0,5,0,0,1,3,3,0,1,0,0,0,0,0,0,0,0,0,0,2,4,5,0,2,0,0,5,0,1,12,0,1,0,2,0,0,0,0
1,0,21,47,1124,25,24,296,4,2,2,4,45,24,19,16,51,211,23.885510481,570.517610939,296,9079,106,30.6722972973,25,10,0,2099,33,2394,0,63,63,0,5,4,0,1,24,3,10,0,0,0,1,0,0,0,0,0,0,0,10,0,0,0,4,47,24,0,7,0,3,37,0,0,4,2,0,3,25,0,1,0,0
1,0,0,202,1556,31,36,414,0,0,0,0,0,0,0,0,0,0,29.3554095488,861.74006978,414,11339,11,27.3888888889,4,11,273,1368,111,2054,0,52,52,186,4,8,0,2,33,0,4,0,0,0,0,0,0,0,0,0,0,0,4,0,0,0,8,85,33,0,8,0,6,84,0,0,83,0,0,2,31,0,2,2,0
1,0,27,351,3138,102,96,925,23,6,4,5,140,78,38,27,37,627,27.1264382316,735.843651132,925,31474,23,34.0259459459,35,8,0,10836,98,11761,0,224,224,0,4,25,0,0,97,11,35,0,5,0,0,1,0,0,0,0,1,0,35,0,0,0,25,78,97,0,1,0,13,42,0,0,3,2,2,8,103,0,0,2,0
1,0,1,95,416,5,5,149,0,0,0,0,0,0,0,0,0,0,18.1886450733,330.826809603,149,3633,0,24.3825503356,0,0,320,345,17,814,0,37,37,130,3,0,0,0,21,16,21,0,0,0,0,0,0,0,0,0,0,0,21,0,0,0,0,7,21,0,0,0,0,6,0,0,0,0,0,0,5,0,0,0,0
1,0,0,241,1664,40,27,593,0,0,0,0,0,0,0,0,0,0,20.9511368411,438.950134936,593,16078,30,27.1129848229,56,9,0,3219,75,3811,0,49,49,0,4,10,0,0,17,0,6,2,4,4,0,0,3,0,0,3,0,0,6,0,0,0,10,10,17,0,2,1,8,9,0,2,26,2,0,1,40,2,0,2,0
